Correlation Matrix for flag_columns
Label: 0=Benign, 1=Malicious

      Label  FIN Flag Count  SYN Flag Count  PSH Flag Count  ACK Flag Count  URG Flag Count
0  1.000000       -0.002110       -0.001991       -0.305441       -0.299849        0.003635
1 -0.002110        1.000000       -0.040722        0.005541        0.011611       -0.101072
2 -0.001991       -0.040722        1.000000        0.005879        0.009839       -0.058210
3 -0.305441        0.005541        0.005879        1.000000        0.910597       -0.006070
4 -0.299849        0.011611        0.009839        0.910597        1.000000       -0.002522
5  0.003635       -0.101072       -0.058210       -0.006070       -0.002522        1.000000